|Leveyshaku|A*|Kruskal|Leveyshaku vieraillut huoneet| A* vieraillut huoneet| Huoneiden määrä| O(nlogn)| O(n)|
|7.758206E-4|8.687951000000001E-4|0.0062761492|8063|1051|10000|0.003543037|2.98888E-4|
|0.0014480112|7.471614E-4|0.0171572216|35867|8682|40000|0.00617331|0.001210189|
|0.0035511458|0.0014804174|0.04887895069999999|77545|8336|90000|0.016041587|0.001739463|
|0.007322930000000001|0.0027296873|0.11204167090000001|123552|22437|160000|0.029461393|0.001639053|
|0.011422934599999999|0.005497049799999999|0.19603117200000003|210791|37496|250000|0.044183892|0.002465752|
|0.0183072816|0.006289937|0.267368785|265028|69013|360000|0.065619807|0.003433552|
|0.0256084904|0.012664651899999999|0.525300908|371262|56038|490000|0.091645599|0.004624128|
|0.0349613406|0.0117075664|0.546697742|524616|65681|640000|0.124436036|0.006025768|
|0.0412124019|0.014673172999999998|0.8253913351000002|695804|115108|810000|0.157289119|0.007714002|
|0.0530073806|0.020104180500000002|1.1754538646000001|566120|111637|1000000|0.206600944|0.009576416|
|0.0735786576|0.027521841499999998|1.6948071955|812903|188184|1210000|0.263012603|0.012430049|
|0.0782192076|0.0306967865|1.9236862982000003|1362053|177948|1440000|0.294452043|0.013671269|
|0.09711276|0.033622697599999994|2.2823055703999997|1142955|74154|1690000|0.34351621|0.015988309|
|0.10902152700000001|0.0364823904|2.6612801066999996|1788162|78875|1960000|0.401084779|0.018312668|
|0.13383452459999998|0.044301164500000004|3.1693405963|1754673|138746|2250000|0.481277495|0.021315306|
|0.1504134665|0.0362353469|3.6788170125999997|2434286|157129|2560000|0.557394681|0.024416598|
|0.1668367003|0.0722006407|4.2582091432|2172886|367296|2890000|0.621848503|0.027827316|
|0.20753920660000005|0.0935409468|4.961501008699999|2990951|359808|3240000|0.699960422|0.031983644|
|0.2231702554|0.08497386999999999|5.752574915299999|3534549|478211|3610000|0.776323509|0.034330544|
|0.26659741400000003|0.088430285|7.698860976499999|3646061|699089|4000000|0.889865503|0.04055801|
|0.2605141809|0.0850120727|7.436106160700001|4067480|527994|4410000|0.997103042|0.041356899|
|0.3189810818|0.0926184633|8.5973215134|4775224|989010|4840000|1.128816602|0.048724003|
|0.33073487199999996|0.1014797735|9.634400918500003|4581664|267450|5290000|1.1962716|0.05073835|
|0.34492288619999995|0.177828692|11.2105059257|5568326|867077|5760000|1.312310084|0.059948841|
|0.5290000925|0.16147313989999998|11.8664517173|4785406|166464|6250000|1.412025658|0.059575011|
|0.4478462211|0.3177160921|12.396879445900002|6727395|245153|6760000|1.531613327|0.064246855|
|0.44820037850000005|0.25382965899999993|14.4022755004|6891041|1331845|7290000|1.661556981|0.074258283|
|0.4866706518000001|0.2028495351|14.732757122699999|6837013|1381165|7840000|1.824808636|0.077345816|
|0.5748359778000001|0.26054813879999994|18.965434297899996|7398435|450930|8410000|2.041373877|0.083517077|
|0.8150358781|0.2590357542|19.3819766183|7766622|1391402|9000000|2.205518098|0.089171357|
|0.6698183487|0.2123781177|20.9791319719|9480938|572530|9610000|2.245850698|0.091658773|
|0.6564016467999999|0.21106031759999996|21.1840086756|8230471|1463240|10240000|2.391033831|0.097096718|
|0.6916201307|0.2892099991|22.667874728199997|10121189|987901|10890000|2.536843134|0.104164935|
|0.6870982578|0.1838169598|24.383145677|10872220|537186|11560000|2.696921776|0.109431335|
|0.9780873280999998|0.27194525399999997|25.5738565558|11292573|1567637|12250000|2.836812162|0.114812488|
|1.1108356099|0.310871939|28.915811698699997|10952382|2037100|12960000|3.012234207|0.123540836|
|0.9018790127|0.2735332828|30.050140954699998|13636351|870056|13690000|3.177023334|0.130589146|
|0.9554782557999999|0.4938256954|34.7017224846|13843585|1063567|14440000|3.541924815|0.147466507|
|1.077764845|0.4434667664|36.385314444|11497378|2464542|15210000|3.691839803|0.145801693|
